14
20
8
20
2
3
1
3
6
3
14
17
2
1
17
1
4
7
1
20
14
5
4
8
14
20
6
2
20
8
11
3
6
13
1
19
14
15
7
19
17
2
16
1
17
3
16
2
20
15
5
20
19
1
8
15
20
10
14
15
13
6
13
19
11
14
16
4
5
7
19
12
2
13
16
8
5
15
11
1
19
14
6
9
2
16
1
9
3
1
16
17
10
6
1
17
5
8
9
1
3
12
15
18
2
19
10
13
12
2
4
17
1
18
5
6
15
7
2
3
12
8
14
4
11
16
18
4
6
16
6
16
3
3
2
1
15
8
2
13
4
18
19
1
6
14
8
7
20
2
12
13
3
15
5
13
17
11
9
10
15
5
7
18
4
8
17
9
14
14
18
4
19
1
14
5
12
11
9
18
8
20
12
1
5
19
18
6
6
20
1
6
7
9
16
13
11
18
4
16
17
12
11
16
1
12
2
2
20
7
17
13
5
5
14
14
12
12
7
7
10
14
7
20
14
1
17
2
10
13
18
6
3
4
8
12
16
16
8
3
8
8
1
20
18
2
4
12
16
14
6
4
2
18
1
6
4
6
12
7
16
16
3
11
3
5
14
4
14
10
12
2
18
18
7
8
19
17
18
12
8
12
9
2
6
5
4
3
1
2
1
11
6
4
20
17
13
2
6
9
18
20
9
19
10
6
9
1
14
15
15
9
4
4
19
16
20
20
14
11
8
16
3
12
16
8
1
8
20
13
4
6
5
5
6
3
12
1
6
8
7
5
8
1
8
4
4
5
5
11
20
4
6
13
15
14
1
4
8
1
16
19
15
1
12
9
17
10
5
9
4
1
17
17
12
9
6
2
17
12
4
15
13
3
16
9
14
17
19
4
14
4
15
12
18
10
6
5
5
15
10
9
20
10
14
11
2
1
17
3
18
2
6
14
6
18
13
19
11
7
4
6
9
8
9
4
14
11
6
4
5
5
12
11
8
6
10
13
14
6
10
1
12
4
6
13
3
18
4
14
5
8
9
20
13
14
17
19
11
19
7
10
20
19
15
5
19
16
20
15
9
12
15
4
17
7
7
15
13
14
3
1
10
12
4
20
8
16
20
13
11
13
3
3
14
18
6
4
16
7
11
16
3
11
7
16
18
9
15
2
1
12
8
18
9
16
2
12
9
16
17
8
3
2
4
16
4
1
7
5
6
18
20
3
14
8
12
9
8
19
18
15
12
11
1
15
17
11
19
7
20
7
15
1
2
18
17
3
6
5
11
11
6
6
15
4
2
12
4
13
12
20
7
13
13
1
19
16
8
8
4
8
11
13
14
5
4
7
9
14
5
13
13
9
17
4
18
17
17
11
20
12
11
9
17
20
16
11
4
5
18
11
10
15
6
6
8
2
18
7
8
11
20
4
12
16
1
13
7
13
9
19
10
4
11
19
10
6
3
10
3
19
16
14
7
7
1
14
9
14
11
17
6
20
4
19
1
20
7
7
3
18
5
16
14
11
5
4
10
8
14
13
11
13
6
17
20
9
12
16
1
15
9
7
13
20
5
14
4
10
2
4
1
19
16
4
7
17
16
16
4
7
19
13
6
19
11
14
8
14
15
10
7
8
3
5
8
16
14
2
10
1
18
3
20
18
11
1
3
4
20
9
17
18
15
7
1
3
10
8
14
8
5
3
3
4
8
12
4
8
5
19
16
5
7
19
18
10
16
13
7
8
12
7
12
15
8
5
7
5
3
4
13
18
11
16
13
8
20
2
20
6
18
19
9
6
15
17
14
15
12
2
16
16
6
12
8
19
17
16
17
4
12
14
18
1
3
3
2
20
16
4
18
11
5
6
20
14
8
6
12
17
5
8
2
7
19
5
18
2
7
15
10
4
12
10
9
5
1
7
4
18
20
8
10
4
9
18
3
17
13
20
15
7
15
4
14
6
9
9
8
3
10
13
15
14
1
15
16
11
7
1
9
13
4
10
17
18
9
20
5
6
19
15
15
13
16
11
13
5
2
4
6
7
13
20
19
9
14
11
14
20
7
7
11
6
4
11
7
3
8
12
14
10
13
8
18
3
17
11
17
2
2
4
8
20
12
4
2
20
10
17
19
11
17
3
5
16
13
1
4
15
20
14
7
10
15
17
9
12
5
15
8
13
7
8
6
18
1
14
9
2
6
15
14
16
14
10
8
19
18
13
12
10
13
12
10
15
3
5
3
7
2
3
2
10
4
6
1
17
15
11
2
19
13
7
17
2
3
4
