6
5
19
10
10
19
18
16
8
9
9
17
14
2
19
19
6
12
9
15
1
11
15
11
4
15
4
6
2
2
4
6
5
4
3
6
20
18
4
13
20
15
5
9
8
14
16
2
7
7
4
6
20
11
20
6
9
6
10
18
16
6
15
1
11
10
18
1
13
8
3
8
1
4
7
1
13
18
19
9
17
1
16
20
20
2
3
14
12
17
13
18
15
20
18
20
4
1
4
14
7
8
18
2
9
1
19
14
18
13
2
8
10
18
20
8
19
7
12
14
3
17
10
6
14
6
11
12
1
9
16
8
9
5
3
20
1
7
2
18
1
3
20
16
19
15
8
18
19
11
18
15
18
11
1
4
19
4
8
13
4
18
17
19
4
19
3
20
5
6
2
9
11
9
15
3
14
6
13
11
3
3
16
20
9
12
17
11
17
16
3
18
6
16
8
19
20
14
14
5
19
15
17
6
4
2
10
8
16
5
5
1
13
9
12
2
18
2
13
8
12
17
1
9
4
14
10
12
15
17
12
9
15
5
2
3
20
4
14
16
19
3
4
17
18
10
15
16
15
8
17
6
18
9
14
18
17
13
5
19
17
5
17
5
2
2
10
6
20
20
1
15
7
11
19
15
5
15
15
9
9
11
2
13
8
11
10
8
9
14
5
5
14
10
8
12
15
3
11
16
10
12
10
4
20
16
7
19
19
20
10
14
16
16
19
10
6
1
7
4
8
2
17
14
15
7
7
7
5
15
19
19
14
15
8
13
15
12
15
12
13
17
5
2
14
15
7
14
11
8
19
8
15
9
3
7
19
1
13
11
19
6
3
19
18
12
1
9
9
12
19
9
20
18
15
7
6
5
19
14
1
4
13
12
3
20
15
12
18
5
4
11
13
12
9
16
8
8
8
4
13
6
1
7
7
1
20
14
14
19
19
17
13
10
14
1
8
16
15
7
17
16
6
9
2
19
8
14
6
2
12
18
2
4
15
12
5
15
9
10
8
19
13
8
14
9
19
17
19
9
10
17
20
13
12
19
12
16
17
19
5
16
19
7
3
20
4
9
1
18
10
13
6
10
6
11
7
8
3
7
14
7
11
14
13
20
8
14
3
7
7
4
16
14
15
9
11
16
7
19
1
12
7
15
9
15
1
2
5
3
10
7
8
2
6
12
6
20
12
12
19
20
9
17
4
2
11
17
2
20
12
18
6
14
6
4
14
13
20
7
12
20
14
2
7
5
16
3
13
11
18
3
18
11
17
4
3
17
2
13
15
1
20
17
7
14
19
9
6
14
18
3
17
18
14
2
6
6
1
5
4
9
18
18
8
2
17
15
10
8
16
19
13
19
14
2
16
13
13
10
4
18
15
16
8
3
19
16
7
7
19
7
5
15
2
20
8
18
2
3
16
2
17
9
6
8
6
9
1
17
7
17
7
11
12
9
11
15
2
11
14
8
18
3
5
18
9
10
15
14
11
15
5
14
1
1
6
9
19
6
6
6
11
20
16
5
11
6
13
5
17
5
14
11
13
3
6
5
9
8
1
9
7
10
5
3
18
9
7
12
2
19
20
5
7
15
9
10
12
12
12
19
7
15
18
5
14
2
9
17
16
13
8
6
1
1
13
17
7
18
19
8
12
4
7
2
1
20
6
9
11
3
3
10
15
14
7
2
18
15
19
20
10
12
10
12
5
3
12
17
1
15
1
19
13
6
17
16
11
12
8
14
17
18
18
10
5
20
2
20
15
17
8
12
4
12
10
3
11
15
3
15
3
6
15
2
15
6
2
14
2
19
4
8
5
7
11
18
9
17
13
12
13
20
11
16
15
6
18
4
16
12
14
19
11
12
12
8
14
15
15
19
17
17
15
1
6
13
3
5
14
17
14
12
7
18
1
8
15
5
6
20
6
2
13
10
5
9
9
7
15
11
19
10
15
14
15
19
1
14
16
4
1
11
7
15
16
12
5
13
19
14
20
10
20
16
16
16
14
17
3
13
3
8
1
6
11
7
8
20
20
3
16
4
13
14
9
4
6
4
5
10
11
16
16
10
5
9
11
5
10
18
10
5
19
16
18
13
7
19
8
9
5
17
8
10
11
9
1
9
8
11
4
12
11
9
15
11
16
5
20
15
9
17
15
8
14
14
6
18
2
12
9
11
7
3
1
15
3
12
18
18
10
4
3
9
10
9
6
3
1
19
18
15
20
9
5
4
20
9
16
14
2
2
10
5
2
15
10
14
17
7
10
4
18
15
8
14
19
5
